f0.5_score= 0.9496909676911616
pr_auc_score= 0.9930858669023388